+212660000001
+212660000002
+212660000003
+212660000004
+212660000005
+212660000006
+212660000007
+212660000008
+212660000009
+212660000010
+212660000011
+212660000012
+212660000013
+212660000014
+212660000015
+212660000016
+212660000017
+212660000018
+212660000019
+212660000020
+212660000021
+212660000022
+212660000023
+212660000024
+212660000025
+212660000026
+212660000027
+212660000028
+212660000029
+212660000030
+212660000031
+212660000032
+212660000033
+212660000034
+212660000035
+212660000036
+212660000037
+212660000038
+212660000039
+212660000040
+212660000041
+212660000042
+212660000043
+212660000044
+212660000045
+212660000046
+212660000047
+212660000048
+212660000049
+212660000050
+212660000051
+212660000052
+212660000053
+212660000054
+212660000055
+212660000056
+212660000057
+212660000058
+212660000059
+212660000060
+212660000061
+212660000062
+212660000063
+212660000064
+212660000065
+212660000066
+212660000067
+212660000068
+212660000069
+212660000070
+212660000071
+212660000072
+212660000073
+212660000074
+212660000075
+212660000076
+212660000077
+212660000078
+212660000079
+212660000080
+212660000081
+212660000082
+212660000083
+212660000084
+212660000085
+212660000086
+212660000087
+212660000088
+212660000089
+212660000090
+212660000091
+212660000092
+212660000093
+212660000094
+212660000095
+212660000096
+212660000097
+212660000098
+212660000099
+212660000100
+212660000101
+212660000102
+212660000103
+212660000104
+212660000105
+212660000106
+212660000107
+212660000108
+212660000109
+212660000110
+212660000111
+212660000112
+212660000113
+212660000114
+212660000115
+212660000116
+212660000117
+212660000118
+212660000119
+212660000120
+212660000121
+212660000122
+212660000123
+212660000124
+212660000125
+212660000126
+212660000127
+212660000128
+212660000129
+212660000130
+212660000131
+212660000132
+212660000133
+212660000134
+212660000135
+212660000136
+212660000137
+212660000138
+212660000139
+212660000140
+212660000141
+212660000142
+212660000143
+212660000144
+212660000145
+212660000146
+212660000147
+212660000148
+212660000149
+212660000150
+212660000151
+212660000152
+212660000153
+212660000154
+212660000155
+212660000156
+212660000157
+212660000158
+212660000159
+212660000160
+212660000161
+212660000162
+212660000163
+212660000164
+212660000165
+212660000166
+212660000167
+212660000168
+212660000169
+212660000170
+212660000171
+212660000172
+212660000173
+212660000174
+212660000175
+212660000176
+212660000177
+212660000178
+212660000179
+212660000180
+212660000181
+212660000182
+212660000183
+212660000184
+212660000185
+212660000186
+212660000187
+212660000188
+212660000189
+212660000190
+212660000191
+212660000192
+212660000193
+212660000194
+212660000195
+212660000196
+212660000197
+212660000198
+212660000199
+212660000200